Input: 
A, B: (0.0, 1.0)
E: 1e-07
Hmin: 1e-06
N: 4
Output:
IER = 0;
Ih = 2.0000000596046448
ÅPS = 5.960464477539063e-08
H = 0.000244140625
